0.00000000000000000000000000000000000000000000000000
0.00000000000000000000000000000000000000000000000000
0.00000000000000000000000000000000000000000000000000
0.90929742682568170941692642372800037264823913574219
0.90929742682568170941692642372800037264823913574219
0.90929742682568170941692642372800037264823913574219
0.90929742682568170941692642372800037264823913574219
0.90929742682568170941692642372800037264823913574219
0.90929742682568170941692642372800037264823913574219
0.90929742682568170941692642372800037264823913574219
0.90929742682568170941692642372800037264823913574219
0.90929742682568170941692642372800037264823913574219
0.90929742682568170941692642372800037264823913574219
0.90929742682568170941692642372800037264823913574219
0.90929742682568170941692642372800037264823913574219
0.90929742682568170941692642372800037264823913574219
0.90929742682568170941692642372800037264823913574219
0.90929742682568170941692642372800037264823913574219
0.90929742682568170941692642372800037264823913574219
0.00000000000000000000000000000000000000000000000000
0.00000000000000000000000000000000000000000000000000
0.00000000000000000000000000000000000000000000000000
0.00000000000000000000000000000000000000000000000000
0.00000000000000000000000000000000000000000000000000
0.00000000000000000000000000000000000000000000000000
0.90929742682568170941692642372800037264823913574219
0.90929742682568170941692642372800037264823913574219
0.90929742682568170941692642372800037264823913574219
0.90929742682568170941692642372800037264823913574219
